307255
104689
842514
981204
831266
282661
404913
671754
297767
426815
908639
574610
447300
238075
672312
836766
636278
174584
482095
815079
262097
585992
578328
899643
151556
811702
136947
526148
188690
889981
870674
181344
142005
634248
807880
448407
369538
172270
704748
499076
55899
705082
996538
626077
620908
514877
10820
387884
692676
848504
516546
302314
198899
841338
871490
608707
691507
355146
896685
283055
85469
328629
638296
148768
115060
617039
25415
605925
426040
23793
886349
362649
701265
529624
638269
706107
382357
570637
846943
644636
844566
276852
605721
956339
258653
149087
822282
121533
803608
426906
696724
220460
136892
372511
616068
690257
561051
262023
213663
126679