171426
964548
868022
619728
389661
299375
172949
303594
794265
895651
318155
910951
919568
899646
522751
812651
660594
694233
51586
40814
838751
811281
24547
548608
941746
64742
454745
611781
367059
522109
53221
457736
725683
961910
446863
956500
352365
895337
527584
426266
771051
163890
422621
111542
317274
200283
592251
988565
468655
817858
518929
767114
144075
940582
976254
633693
161483
687704
946300
309599
640154
435660
796427
204605
598071
214952
129056
612505
706587
289351
462669
956533
870726
926377
868890
84375
639847
117711
390202
750781
627481
293324
996879
316873
858670
50897
88687
325652
867514
702875
336487
322532
626751
924837
965631
628713
383800
27943
395734
137530
348678
930158
174251
740667
879989
753146
553905
289923
312844
63116
519902
657676
502944
274002
105004
188919
239768
825988
539715
73191
629450
978082
322059
262682
240315
4267
768599
495420
496404
717198
102050
310632
595387
990023
22963
828421
435507
204500
678244
252212
894584
89259
181799
336641
775228
576229
838901
22288
126366
378809
284435
968432
459520
843994
484304
21821
453869
206509
923550
149055
915332
170841
45622
638040
714203
77815
510668
586967
453245
517456
611683
43240
633334
397647
408968
377477
317244
697717
785116
598281
995408
144132
501406
561885
53694
559723
195541
567149
159988
917585
640534
857489
667680
625872
342235
852638
410135
155544
135246
710500
447059
246171
543472
123007
885940
68683
800316
171679
517456
105360
515122
114368
167974
886261
115902
565645
12894
410811
273404
239185
849942
594708
746363
829210
598766
737450
17031
761919
7145
233019
45886
960503
206236
500459
233451
232247
480980
627039
684348
462967
927233
267216
751916
984609
464493
80295
996068
421994
430904
224264
443302
566034
483189
552534
906558
368218
218176
573618
23671
272245
734225
382987
421797
413811
348927
396693
926955
476195
493830
853914
89109
352282
981876
160120
678449
431596
25589
549420
41833
347479
491991
525766
42860
908148
224077
153741
522730
909465
770626
409198
91422
521724
91628
357727
918763
693535
963129
355706
345054
825868
514846
739711
7777
907545
565669
93459
90333
239310
53887
866944
499554
476758
438951
204543
696748
87364
915525
811569
210780
762150
670517
337167
360948
324133
79011
891096
577380
725761
554050
579715
338097
831569
550900
134766
276486
480307
801080
311663
788855
853911
388274
209390
459499
78397
923296
157667
377487
890452
122247
885827
995802
907135
329995
364040
6101
211395
651787
507170
875219
424031
909582
762223
495057
353368
399341
244716
454431
214554
345669
442515
890064
748093
816859
258554
833502
612832
997512
482988
902238
535880
329926
958686
469417
420087
559306
720876
210547
534767
407330
701500
355321
908954
306817
695457
726978
776989
877127
514178
591044
141487
986084
367690
975653
144879
169200
161447
377087
85240
165587
267615
426315
718212
948033
314391
812597
662328
27547
491781
698859
832338
565113
213491
51161
843674
486560
643608
451248
391945
685563
699545
829170
688803
755017
844180
242381
380507
321025
478629
665667
431620
178747
306828
744833
159567
536633
416199
653965
120789
130562
941654
286366
362073
368832
222306
780713
210362
506227
435548
774812
761288
979470
365482
907608
199432
395034
181274
378212
187830
937076
568056
21511
317127
692250
381148
944433
644345
164460
74734
822724
679013
94321
252240
506365
924872
656234
354142
761241
98289
222569
659620
875263
970713
200480
414449
998644
631543
316703
354658
161984
530619
667216
220924
703288
714243
421701
634361
795454
220773
235510
869515
989266
985004
299497
813430
457120
208821
168297
553213
902045
468708
301144
549652
151879
944678
263068
604838
976306
452356
269005
492014
658034
178938
539785
619646
56214
932207
336234
246793
156407
312280
620071
584675
383873
911260
17433
99483
414343
485169
486891
116562
20768
590188
944549
100567
854266
28975
440101
505016
245328
216122
25891
512808
257350
736719
863823
995502
240553
154574
598736
898254
658858
961138
619516
967508
63381
971171
692212
555568
632003
954100
206265
736409
555730
311806
760659
643134
558438
462538
566556
285548
10091
454835
863833
759562
294194
11237
676174
245535
974635
300164
203808
733394
73359
434992
442764
421178
555572
985507
81346
37789
601058
110945
511785
5397
274463
14763
89307
49862
504964
106963
752798
742343
498367
572817
318523
741539
283165
205158
954750
391375
476553
983785
137170
485220
954851
342801
903194
440229
389425
155363
622219
297618
327207
293628
471421
470721
486004
293886
365702
161188
275882
225751
371429
155087
538950
957065
118466
754454
428859
282241
828204
53742
136495
852157
184132
256447
146776
189661
248160
969989
232101
41513
530701
786512
802055
210518
386746
295432
377796
552916
768540
481621
554569
945541
31505
503032
948269
613046
98617
681008
877001
393436
144184
968283
263608
34685
87329
456116
167037
55480
763993
198218
208846
149159
789116
438836
624196
258421
414014
424661
251074
498728
160168
813876
590635
682667
915175
22136
426892
685977
772737
245385
288189
588937
263130
41423
909816
192367
471713
158915
716294
166925
581954
549107
671702
508169
373583
998956
431217
555932
248604
143846
74400
42222
565796
496512
557095
441167
882548
417173
584646
297636
446946
670287
351137
176135
35748
315085
722070
612138
480401
958222
665724
391660
932568
856131
489548
44555
397424
148580
877888
745259
742408
652445
583344
393258
426298
717876
373868
753226
761519
640154
456414
496567
334797
746557
862423
962567
957517
260596
207285
657002
847712
72446
28499
304713
247370
248868
420001
11394
493624
34945
381958
583855
407516
901333
168854
443201
83585
863742
354461
808584
957665
679002
69961
395007
54538
13021
547206
566628
885099
475990
798253
497335
511514
95735
87212
470393
584077
532889
405613
967816
696112
196394
441932
871489
524569
657610
899158
729932
535788
404714
48646
569038
571134
779959
888834
776225
930659
946234
836942
843381
561586
542310
769703
388763
179759
484615
284419
916786
470781
910566
492539
992970
445128
86937
545
207531
745674
168700
864859
486710
411769
171521
780310
698170
470510
527459
231464
776654
961035
845227
1168
145756
610324
462858
479810
405603
466600
391509
481758
966720
361883
737139
221271
714861
743992
321057
853421
78350
43801
683255
867008
797122
841582
394970
680770
168811
94177
480850
587305
500464
586771
316092
559819
730615
989339
965390
595328
153373
865772
814858
504090
875902
675502
476503
809116
684538
879905
127554
177360
385905
386331
278239
591225
738842
32428
440089
878466
961586
384228
85401
125904
999967
537999
30432
833356
447955
378625
514207
742224
403081
731676
506369
187757
357774
891207
113551
501898
274829
232510
35512
246894
419485
885074
299598
118216
468860
808009
194266
561873
49770
659126
695033
639769
882555
642314
978514
331593
171327
719950
369075
285019
962558
962267
359931
861200
224534
265016
505099
483368
858258
804152
294486
290040
897793
505978
230278
855427
614886